000018,
023201,
000401,
023201,
00107C,
023201,
00110A,
023201,
001200,
023201,
001300,
023201,
001419,
023201,
001500,
023201,
001604,
023201,
0017B4,
023201,
001806,
023201,
001900,
023201,
001A00,
023201,
001B0C,
023201,
001C82,
023201,
001D00,
023201,
00A001,
023201,
00A100,
023201,
00A200,
023201,
00A301,
023201,
00A400,
023201,
00A500,
023201,
00A601,
023201,
00A700,
023201,
00A800,
023201,
00A901,
023201,
00AA00,
023201,
00AB00,
023201,
00F00E,
023201,
00F10E,
023201,
00F20E,
023201,
00F30E,
023201,
00F40C,
023201,
00F50E,
023201,
014002,
023201,
014103,
023201,
014203,
023201,
014303,
023201,
019000,
023201,
019180,
023201,
019200,
023201,
019300,
023201,
019480,
023201,
019500,
023201,
019600,
023201,
019780,
023201,
019800,
023201,
019944,
023201,
019A00,
023201,
019B00,
023201,
019C20,
023201,
019D00,
023201,
019E00,
023201,
019F00,
023201,
01A000,
023201,
01A100,
023201,
01A200,
023201,
01E000,
023201,
01E102,
023201,
001807,
023201,
023000,
023201,
001806,
023201,
001807,
023201;